Confusion Matrix:
[[  20    0    0    0    0   17    0   54  156    0    0    0    0    8
     0    0    0    0    0    0    0    2    3    0    2    0    1]
 [   0    6    7    0    0   37    0    9   49    0    0    0    0    0
     0    0    0    0    0    0    0    3    0    0    1    0    0]
 [   3    0   10    0    0   10    0   38   66    0    0    0    0    7
     0    0    0    0    0    0    1    2    0    0    0    0    2]
 [   0    0    0    0    0   18    0   38   45    0    0    0    0    0
     0    0    0    0    0    0    0    3    0    0    0    0    0]
 [   0    0    0    0    0    2    0   39   20    0    0    0    0    0
     0    0    0    0    0    0    0    0    0    0    0    0    0]
 [   2    0    1    0    0  630    0  156  641    0    0    0    0    6
     1    0    0    0    1    0    0    5    0    0    0    0    0]
 [   1    0    0    0    0    9    0   10   83    0    0    0    0    2
     0    0    0    0    0    0    0    0    0    0    1    0    1]
 [   3    0    0    0    0   46    0 2327  262    0    0    0    0    3
     0    0    0    0    1    0    0   16    0    0    1    0    0]
 [   3    0    0    0    0  144    0  302 2230    0    0    0    0    3
     0    0    0    0    0    0    0   13    0    0    2    0    0]
 [   0    0    1    0    0   32    0   54   60    1    0    0    0    1
     0    0    0    0    0    0    0    1    0    0    0    0    0]
 [   0    0    1    0    0    4    0   18   48    0    0    0    0    2
     0    0    0    0    0    0    0    1    0    0    0    0    0]
 [   0    0    0    0    0   15    0   18    1    0    0    6    0    0
     0    0    0    0    0    0    0    0    0    0    0    0    0]
 [   0    0    0    0    0    0    0   32   13    0    0    0    0    0
     0    0    0    0    0    0    0    0    0    0    0    0    0]
 [   0    0    0    0    0   31    0   44  201    0    0    0    0  148
     0    0    0    0    0    0    1    5    0    0    1    0    0]
 [   0    0    0    0    0   10    0  107    5    0    0    0    0    0
    19    0    0    0    0    0    0    3    0    0    0    0    0]
 [   0    0    0    0    0   10    0   16   22    0    0    0    0    0
     2    0    0    0    0    0    0    0    0    0    0    0    0]
 [   0    0    0    0    0    5    0    7   40    0    0    0    0    2
     0    0    0    0    0    0    0    0    0    0    2    0    0]
 [   0    0    0    0    0    1    0   31    2    0    0    0    0    0
     0    0    0    0    0    0    0    0    0    0    0    0    0]
 [   0    0    0    0    0   49    0  117   18    0    0    0    0    0
     0    0    0    0    4    0    0    4    0    0    0    0    0]
 [   0    0    0    0    0   16    0    8  127    0    0    0    0    0
     0    0    0    0    0    0    0    0    0    0    0    0    0]
 [   1    0    0    0    0   12    0   65   48    0    0    0    0    8
     0    0    0    0    0    0    3    5    0    0    1    0    0]
 [   0    0    0    0    0   93    0  398  441    0    0    0    0    3
     1    0    0    0    0    0    0  109    0    0    0    0    0]
 [   0    0    0    0    0    8    0   72    3    0    0    0    0    0
     0    0    0    0    0    0    0    1    9    0    0    0    0]
 [   0    0    0    0    0    9    0   68    2    0    0    0    0    0
     1    0    0    0    0    0    0    1    0    0    0    0    0]
 [   2    0    0    0    0   23    0   21  242    0    0    0    0   15
     0    0    0    0    0    0    0    1    0    0    5    0    0]
 [   1    0    0    0    0    1    0   10    8    0    0    0    0    0
     0    0    0    0    0    0    0    0    0    0    0    0    0]
 [   0    0    0    0    0    9    0    5   67    0    0    0    0    0
     0    0    0    0    0    0    0    0    0    0    0    0  119]]

